-4.122
-6.533
-6.822
-7.085
-7.468
-7.744
-8.29
-8.159
-8.288
-8.263
-8.01
-8.067
-8.062
-7.906
-8.177
-8.014
-8.027
-7.908
-7.46
-7.386
-7.847
-7.586
-7.452
-7.171
-7.45
-7.271
-7.282
-7.295
-7.217
-7.133
-6.986
-7.109
-7.101
-7.036
-7.104
-6.957
-7.039
-6.849
-6.875
-6.569
-6.67
-6.539
-6.623
-6.443
-6.357
-6.322
-6.197
-6.162
-6.062
-5.88
-5.891
-5.73
-5.652
-5.619
-5.497
-5.427
-5.335
-5.214
-5.041
-5.01
-4.851
-4.864
-4.63
-4.512
-4.463
-4.31
-4.237
-4.175
-3.995
-3.848
-3.758
-3.683
-3.566
-3.495
-3.383
-3.227
-3.198
-3.023
-2.944
-2.868
-2.707
-2.608
-2.575
-2.392
-2.36
-2.23
-2.198
-2.167
-2.042
-1.9