0.028
0.02
0.024
0.013
0.018
0.025
0.021
0.012
0.024
-0.008
0.012
0.012
0.018
0.012
0.015
0.03
0.009
0.019
0.014
0.015
0.027
0.012
0.022
0.021
0.023
0.02
0.012
0.023
0.017
0.015
0.014
0.008
0.011
0.007
0.01
0.011
0.01
0.007
0.013
0.011
0.007
0.013
0.002
0.01
0.008
0.011
0.005
0.004
0.016
0.01
0.007
0.008
0.009
0.01
0.005
0.008
0.005
0.009
0.012
0.007
0.01
0.011
0.01
0.008
0.008
0.009
0.009
0.007
0.009
0.007
0.008
0.007
0.009
0.007
0.009
0.008
0.007
0.006
0.005
0.005
0.005
0.008
0.007
0.007
0.005
0.009
0.006
0.003
0
0.003