-4.291
-6.386
-6.755
-6.935
-7.1
-7.368
-7.542
-7.67
-7.492
-7.653
-7.65
-7.911
-7.93
-7.68
-7.557
-7.492
-7.362
-7.21
-7.12
-6.973
-6.885
-6.616
-6.767
-7.031
-6.867
-6.864
-6.707
-6.845
-6.712
-6.543
-6.54
-6.414
-6.512
-6.411
-6.304
-6.247
-6.288
-6.429
-6.429
-6.071
-5.964
-5.96
-5.899
-5.839
-5.778
-5.719
-5.576
-5.54
-5.418
-5.344
-5.268
-5.175
-5.136
-5.085
-4.986
-4.84
-4.745
-4.78
-4.545
-4.436
-4.375
-4.276
-4.121
-4.05
-3.975
-3.91
-3.761
-3.701
-3.577
-3.485
-3.327
-3.225
-3.166
-3.079
-3.028
-2.898
-2.781
-2.65
-2.611
-2.502
-2.441
-2.258
-2.263
-2.132
-2.045
-1.957
-1.888
-1.825
-1.735
-1.608