0.033
0.02
0.03
0.028
0.026
0.031
0.005
0.016
0.016
-0.014
0.013
0.024
0.006
0.009
0.003
0.009
0.009
0.022
0.021
0.013
0.014
0.007
0.01
0.02
0.019
0.017
0.014
0.006
0.017
0
0.014
0.012
0.001
0.009
0.009
0.005
0.011
0.001
0.027
0.004
0.007
0.002
0.001
0.006
0.004
0.005
0.005
0.008
0.008
0.01
0.002
0.01
0.001
0.008
0.004
0.012
0.008
0.009
0.01
0.011
0.01
0.013
0.017
0.012
0.013
0.006
0.012
0.012
0.01
0.012
0.013
0.013
0.01
0.011
0.009
0.007
0.01
0.01
0.011
0.009
0.008
0.015
0.01
0.009
0.014
0.015
0.008
0.01
0.014
0.013